743956179873.34643555
224865983644.45825195
18133808674.00025558
11132234174.87919807
3978757511.30180883
1255454053.66584396
354813866.04413664
94801195.88111669
20868861.44779824
6281864.73038515
1745278.50467488
318967.42816448
86850.27653722
20696.22049777
5070.07551977
577.26045541
98.43475384
19.10977311
6.16377126
5.06481183
2.23573166
0.55094448
0.10092842
0.04720156
0.02541945
0.02329453
0.01311735
0.01295376
0.01540907
0.00984618
0.00842963
0.00768165
0.00838697
0.00673145
0.00610466
0.00579788
