0.00000000
0.22502211
0.23331341
0.25748474
0.26557122
0.27791977
0.29028849
0.30443126
0.31447638
0.32552341
0.33749229
0.35115447
0.36739078
0.38606600
0.40736147
0.43205978
0.46143523
0.49060687
0.51831177
0.55059558
0.58779235
0.63080417
0.68199606
0.74444884
0.81995340
0.90731587
1.00000000
1.00000000
1.00000000
1.00000000
1.00000000
1.00000000
1.00000000
1.00000000
1.00000000
1.00000000
1.00000000
1.00000000
1.00000000
1.00000000
1.00000000
1.00000000
1.00000000
1.00000000
1.00000000
1.00000000
1.00000000
1.00000000
1.00000000
1.00000000
