13574.77544423
8833.51323393
3785.73324177
2782.54141427
1344.37794982
732.84867249
382.08870772
210.93144366
115.33349834
64.18888775
36.45304219
21.15861641
12.58763373
7.81648541
5.19332571
3.75576384
2.97073774
2.54348732
2.31133543
2.18600620
2.11899354
2.08323178
2.06401448
2.05364548
2.04806645
2.04513411
2.04370975
2.04305029
2.04273571
2.04257738
2.04247320
2.04239992
2.04233826
2.04228891
2.04224667
2.04221066
2.04217899
2.04215091
2.04212594
2.04210373
2.04208398
2.04206642
2.04205085
2.04203707
2.04202491
2.04201418
2.04200474
2.04199643
2.04198911
2.04198267
