743956179881.15063477
218354236699.10546875
26003058263.68147278
14981617689.93661499
4548622526.22598267
1852420317.42731714
670404036.48658574
245266424.43315530
86484576.68949714
32516152.35482410
13131783.20307734
5437912.24034066
2137917.63772534
780134.53172453
277692.02982218
100652.10430184
37935.74649952
14691.54422963
5690.89355524
2190.14619858
837.83008018
316.56677570
117.63670275
43.85009940
17.01308484
6.88058207
2.80966757
1.13685656
0.46903511
0.19936747
0.08655540
0.04094232
0.02303068
0.01700215
0.01426375
0.01282335
0.01173876
0.01092836
0.01033052
0.00990724
0.00960003
0.00933668
0.00905410
0.00872997
0.00839426
0.00810408
0.00790146
0.00778960
0.00774029
0.00771557
