0.00000000
0.59525800
0.57761300
0.54043900
0.52722400
0.50404600
0.48628100
0.47017100
0.45700600
0.44322300
0.43357900
0.42452600
0.41929100
0.41296300
0.41344700
0.40765100
0.40760600
0.40386000
0.40437100
0.40285600
0.40184900
0.40275900
0.40550500
0.40557000
0.40284400
0.40286100
0.38833900
0.38924500
0.38990300
0.38969100
0.39096000
0.38988800
0.38898300
0.39081300
0.38875400
0.39032300
0.38869300
0.39089300
0.38998300
0.39080800
0.38903700
0.39050900
0.39056000
0.39253200
0.39078800
0.38903800
0.39078600
0.38886600
0.38918600
0.39008800
